1.35688E-19
1.077892E-08
6.675284E-07
1.302807E-11
1.065058E-32
1.493431E-07
6.592299E-10
0.0001756631
6.308088E-10
9.320545E-09
1.056287E-05
2.715282E-06
6.235328E-10
2.519311E-09
1.050187E-05
1.056264E-05
6.308088E-10
2.330136E-09
4.312113E-08
4.367921E-05
6.308085E-10
1.171989E-19
4.163812E-11
2.759753E-06
2.578826E-09
2.563717E-09
4.072842E-11
2.622369E-09
1.103878E-05
6.409009E-10
4.050105E-11
1.640917E-07
1.641173E-07
2.563717E-09
4.095579E-11
1.074146E-05
1.025597E-08
6.563117E-07
4.504739E+16
1.038334E-05
1.678462E-07
5.288936E+22
1.500842E-19
1.622361E-07
6.824732E-07
5.20016E+22
1.492372E-19
2.534826E-09
4.200657E-05
5.259996E+22
1.500842E-19
4.153338E-05
6.750809E-07
5.436393E+22
8.205026E+17
1.856062E-19
6.674995E-07
4.36755E-05
1.302851E-11
1.35688E-19
2.699799E-06
1.060634E-08
8.143374E-13
1.356847E-19
0.0001699261
1.650304E-07
1.30294E-11
1.35688E-19
1.050118E-05
1.715715E-07
1.302851E-11
1.065077E-32
1.493431E-07
1.706328E-07
0.0001680523
6.308086E-10
3.728218E-08
1.054768E-08
4.344547E-05
6.235327E-10
2.330136E-09
4.343798E-05
4.312026E-08
6.308084E-10
2.330136E-09
6.48316E-10
4.391855E-05
6.308087E-10
1.171989E-19
4.141075E-11
2.607818E-09
0.0001690023
2.563717E-09
4.072842E-11
1.037374E-08
4.311842E-08
6.409009E-10
4.073997E-11
4.225338E-05
1.687666E-07
2.563717E-09
4.118317E-11
1.650377E-07
2.695128E-09
6.563117E-07
4.504739E+16
2.535053E-09
4.265549E-08
5.407572E+22
1.500842E-19
2.595778E-06
1.097848E-05
0
0
0
0
0
0
0
0
0
0
0
0
0
0
0
0
0
0
0
0
0
0
0
0
0
0
0
0
0
0
0
0
0
0
0
0
0
0
0
0
0
0
0
0
0
0
0
0
0
0
0
0
0
0
0
0
0
0
0
0
0
0
0
0
0
0
0
0
0
0
0
0
0
0
0
0
0
0
0
0
0
0
0
0
0
0
0
0
0
0
0
0
0
0
0
0
0
0
0
0
0
0
0
0
0
0
0
0
0
0
0
0
0
0
0
0
0
0
0
0
0
0
0
0
0
0
0
0
0
0
0
0
0
0
0
0
0
0
0
0
0
0
0
0
===================================
